Tag Number, birthyear, lambs in years 2016-2020
0, 0, [0, 0, 0, 0, 0]
08-51, 2008, [2, 0, 0, 0, 0]
08-59, 2008, [1, 0, 0, 0, 0]
826_034284703874, 2008, [1, 1, 0, 0, 0]
08-23, 2008, [2, 0, 0, 0, 0]
08-100, 2008, [1, 0, 0, 0, 0]
09-90, 2009, [1, 0, 0, 0, 0]
09-40, 2009, [2, 0, 0, 0, 0]
09-47, 2009, [1, 0, 0, 0, 0]
09-7, 2009, [1, 0, 0, 0, 0]
826_034284703876, 2009, [1, 0, 0, 0, 0]
09-87, 2009, [1, 0, 0, 0, 0]
09-96, 2009, [1, 0, 0, 0, 0]
09-13, 2009, [1, 0, 0, 0, 0]
826_034284703875, 2009, [1, 2, 0, 0, 0]
09-08, 2009, [1, 0, 0, 0, 0]
09-107, 2009, [1, 0, 0, 0, 0]
826_034284700234, 2010, [1, 2, 2, 1, 0]
826_034284700272, 2010, [2, 1, 0, 0, 0]
826_034284700147, 2010, [1, 1, 0, 0, 0]
826_034284700076, 2010, [1, 0, 0, 0, 0]
826_034284700021, 2010, [2, 0, 0, 0, 0]
826_034284700208, 2010, [2, 0, 0, 0, 0]
826_034284700169, 2010, [2, 1, 0, 0, 0]
826_034284700222, 2010, [1, 2, 0, 0, 0]
826_034284700046, 2010, [2, 0, 0, 0, 0]
826_034284700285, 2010, [2, 0, 0, 0, 0]
826_034284700704, 2011, [2, 1, 1, 1, 1]
826_034284700879, 2011, [1, 1, 2, 1, 0]
826_034284700824, 2011, [0, 1, 2, 1, 0]
826_034284700828, 2011, [1, 3, 1, 0, 1]
826_034284700817, 2011, [1, 2, 2, 1, 1]
826_034284700741, 2011, [2, 1, 1, 2, 2]
826_034284700679, 2011, [1, 0, 0, 0, 0]
826_034284700743, 2011, [1, 2, 1, 1, 1]
826_034284701298, 2012, [1, 1, 0, 0, 0]
826_034284701413, 2012, [1, 1, 1, 0, 0]
826_034284701350, 2012, [2, 0, 0, 0, 0]
826_034284701341, 2012, [1, 1, 1, 1, 2]
826_034284701357, 2012, [0, 2, 2, 2, 1]
826_034284701391, 2012, [0, 2, 2, 0, 0]
826_034284701388, 2012, [1, 2, 0, 1, 2]
826_034284701288, 2012, [1, 1, 2, 1, 2]
826_034284701327, 2012, [2, 1, 2, 0, 0]
826_034284701334, 2012, [1, 2, 1, 0, 0]
826_034284701359, 2012, [1, 2, 1, 1, 2]
826_034284701367, 2012, [1, 1, 1, 1, 1]
826_034284701307, 2012, [1, 1, 0, 0, 0]
826_034284701313, 2012, [1, 2, 0, 0, 0]
826_034284701390, 2012, [1, 1, 1, 1, 1]
826_034284701364, 2012, [0, 1, 2, 1, 1]
826_034284701615, 2013, [2, 1, 2, 0, 0]
826_034284701720, 2013, [1, 1, 1, 1, 1]
826_034284701603, 2013, [1, 1, 2, 0, 0]
826_034284701617, 2013, [0, 1, 1, 1, 1]
826_034284701705, 2013, [1, 1, 1, 1, 1]
826_034284701315, 2013, [1, 0, 0, 0, 0]
826_034284701647, 2013, [1, 2, 2, 1, 1]
826_034284701742, 2013, [0, 1, 1, 0, 0]
826_034284701708, 2013, [1, 1, 2, 1, 1]
826_034284701650, 2013, [1, 1, 1, 1, 1]
826_034284701679, 2013, [2, 1, 2, 1, 1]
826_034284701649, 2013, [1, 1, 2, 1, 2]
826_034284701656, 2013, [1, 1, 2, 1, 1]
826_034284701765, 2013, [1, 1, 2, 1, 1]
826_034284701674, 2013, [1, 1, 1, 1, 2]
826_034284701809, 2013, [1, 1, 2, 1, 2]
826_034284701685, 2013, [1, 1, 0, 0, 0]
826_034284701732, 2013, [1, 1, 2, 2, 1]
826_034284701761, 2013, [2, 0, 0, 0, 0]
826_034284701633, 2013, [0, 1, 2, 1, 2]
826_034284701321, 2013, [2, 1, 0, 0, 0]
826_034284701734, 2013, [0, 2, 1, 1, 0]
826_034284701654, 2013, [2, 2, 1, 1, 2]
826_034284701706, 2013, [0, 2, 1, 1, 1]
826_034284701988, 2014, [1, 1, 2, 1, 2]
826_034284702167, 2014, [1, 0, 1, 2, 1]
826_034284702053, 2014, [1, 1, 2, 0, 2]
826_034284702080, 2014, [1, 0, 1, 1, 1]
826_034284702024, 2014, [1, 2, 1, 1, 2]
826_034284701983, 2014, [1, 0, 0, 0, 0]
826_034284702055, 2014, [2, 1, 1, 0, 0]
826_034284702015, 2014, [1, 1, 0, 0, 0]
826_034284702060, 2014, [0, 2, 2, 0, 0]
826_034284702025, 2014, [1, 2, 1, 1, 2]
826_034284702038, 2014, [1, 2, 2, 1, 2]
826_034284702032, 2014, [0, 1, 2, 1, 1]
826_034284701982, 2014, [1, 0, 0, 0, 0]
826_034284702052, 2014, [1, 1, 0, 0, 0]
826_034284702001, 2014, [1, 1, 1, 1, 2]
826_034284702043, 2014, [1, 1, 1, 1, 2]
826_034284702054, 2014, [1, 1, 1, 1, 2]
826_034284702067, 2014, [2, 2, 2, 1, 1]
826_034284702021, 2014, [1, 2, 1, 1, 2]
826_034284702000, 2014, [2, 2, 2, 1, 2]
826_034284702004, 2014, [1, 1, 0, 0, 0]
826_034284702064, 2014, [2, 1, 1, 2, 1]
826_034284702096, 2014, [1, 2, 1, 1, 1]
826_034284702003, 2014, [2, 1, 1, 1, 1]
826_034284701989, 2014, [1, 1, 1, 1, 1]
826_034284702083, 2014, [2, 1, 1, 1, 2]
826_034284702031, 2014, [1, 1, 1, 1, 1]
826_034284701990, 2014, [2, 1, 2, 1, 1]
826_034284702079, 2014, [1, 1, 1, 1, 1]
826_034284702106, 2014, [1, 1, 1, 1, 1]
826_034284702005, 2014, [0, 1, 1, 1, 2]
826_034284702027, 2014, [1, 1, 1, 1, 1]
826_034284701984, 2014, [1, 2, 1, 1, 2]
826_034284701998, 2014, [2, 2, 1, 2, 2]
826_034284702101, 2014, [1, 1, 1, 2, 2]
826_034284702058, 2014, [1, 2, 1, 1, 1]
826_034284702059, 2014, [1, 1, 0, 0, 0]
826_034284702070, 2014, [1, 1, 2, 1, 1]
826_034284702009, 2014, [1, 1, 2, 1, 2]
826_034284702081, 2014, [1, 1, 1, 1, 1]
826_034284701987, 2014, [1, 1, 1, 1, 0]
826_034284702097, 2014, [1, 0, 0, 0, 0]
826_034284702028, 2014, [1, 1, 1, 2, 1]
826_034284702492, 2015, [0, 1, 0, 0, 0]
826_034284702562, 2015, [0, 2, 1, 1, 1]
826_034284702476, 2015, [0, 1, 2, 1, 1]
826_034284702514, 2015, [0, 2, 2, 1, 1]
826_034284702579, 2015, [0, 1, 1, 1, 1]
826_034284702470, 2015, [0, 2, 1, 0, 0]
826_034284702519, 2015, [0, 1, 1, 0, 0]
826_034284702516, 2015, [0, 1, 1, 1, 1]
826_034284702452, 2015, [0, 1, 1, 1, 1]
826_034284702543, 2015, [0, 1, 1, 1, 2]
826_034284702491, 2015, [0, 1, 1, 1, 1]
826_034284702536, 2015, [0, 1, 1, 1, 1]
826_034284702426, 2015, [0, 1, 1, 1, 1]
826_034284702436, 2015, [0, 1, 1, 2, 2]
826_034284702517, 2015, [0, 1, 1, 1, 2]
826_034284702447, 2015, [0, 2, 1, 2, 2]
826_034284702469, 2015, [0, 1, 2, 1, 2]
826_034284702544, 2015, [0, 1, 1, 2, 1]
826_034284702418, 2015, [0, 1, 2, 1, 2]
826_034284702576, 2015, [0, 1, 1, 2, 1]
826_034284702457, 2015, [0, 1, 1, 1, 2]
826_034284703173, 2015, [0, 1, 1, 1, 1]
826_034284702472, 2015, [0, 1, 2, 1, 2]
826_034284702499, 2015, [0, 1, 1, 1, 1]
826_034284702515, 2015, [0, 2, 1, 0, 0]
826_034284702520, 2015, [0, 1, 1, 1, 1]
826_034284702501, 2015, [0, 1, 1, 1, 1]
826_034284702438, 2015, [0, 1, 2, 0, 0]
826_034284702539, 2015, [0, 1, 1, 1, 1]
826_034284702500, 2015, [0, 1, 1, 1, 1]
826_034284702458, 2015, [0, 0, 2, 2, 2]
826_034284702444, 2015, [0, 0, 2, 1, 1]
826_034284702549, 2015, [0, 1, 1, 1, 1]
826_034284702530, 2015, [0, 1, 1, 1, 1]
826_034284702504, 2015, [0, 1, 2, 2, 2]
826_034284702481, 2015, [0, 1, 1, 1, 0]
826_034284702548, 2015, [0, 1, 2, 1, 1]
826_034284702507, 2015, [0, 2, 1, 2, 2]
826_034284702455, 2015, [0, 1, 1, 1, 2]
826_034284702532, 2015, [0, 2, 1, 1, 1]
826_034284702454, 2015, [0, 1, 1, 1, 1]
826_034284702512, 2015, [0, 1, 1, 1, 0]
826_034284703901, 2015, [0, 1, 1, 1, 1]
826_034284703386, 2016, [0, 0, 0, 1, 1]
826_034284703377, 2016, [0, 0, 2, 1, 1]
826_034284703378, 2016, [0, 0, 1, 1, 1]
826_034284703379, 2016, [0, 0, 1, 1, 1]
826_034284703362, 2016, [0, 0, 1, 1, 1]
826_034284703381, 2016, [0, 0, 1, 1, 1]
826_034284703388, 2016, [0, 0, 1, 1, 1]
826_034284703303, 2016, [0, 0, 1, 1, 2]
826_034284703320, 2016, [0, 0, 1, 0, 0]
826_034284703301, 2016, [0, 0, 1, 1, 1]
826_034284703311, 2016, [0, 0, 1, 0, 0]
826_034284703304, 2016, [0, 0, 2, 1, 1]
826_034284703353, 2016, [0, 0, 1, 1, 2]
826_034284703298, 2016, [0, 0, 1, 1, 2]
826_034284703356, 2016, [0, 0, 0, 1, 1]
826_034284703292, 2016, [0, 0, 1, 1, 1]
826_034284703300, 2016, [0, 0, 1, 1, 1]
826_034284703360, 2016, [0, 0, 1, 1, 1]
826_034284703322, 2016, [0, 0, 0, 1, 2]
826_034284703323, 2016, [0, 0, 1, 1, 1]
826_034284703316, 2016, [0, 0, 1, 1, 1]
826_034284703317, 2016, [0, 0, 1, 2, 2]
826_034284703481, 2016, [0, 0, 1, 1, 0]
826_034284703412, 2016, [0, 0, 1, 1, 1]
826_034284703357, 2016, [0, 0, 2, 0, 0]
826_034284703470, 2016, [0, 0, 1, 1, 2]
826_034284703358, 2016, [0, 0, 1, 1, 0]
826_034284703350, 2016, [0, 0, 2, 1, 2]
826_034284703472, 2016, [0, 0, 1, 1, 2]
826_034284703514, 2016, [0, 0, 1, 1, 2]
826_034284703346, 2016, [0, 0, 2, 2, 1]
826_034284703332, 2016, [0, 0, 1, 1, 1]
826_034284703479, 2016, [0, 0, 1, 1, 2]
826_034284703330, 2016, [0, 0, 2, 1, 0]
826_034284703328, 2016, [0, 0, 1, 0, 0]
826_034284703348, 2016, [0, 0, 1, 1, 2]
826_034284703411, 2016, [0, 0, 0, 2, 1]
826_034284703315, 2016, [0, 0, 1, 1, 2]
826_034284703327, 2016, [0, 0, 1, 1, 2]
826_034284703475, 2016, [0, 0, 1, 1, 2]
826_034284703342, 2016, [0, 0, 2, 1, 2]
826_034284703344, 2016, [0, 0, 1, 1, 2]
826_034284703898, 2016, [0, 0, 1, 1, 2]
826_034284703473, 2016, [0, 0, 1, 1, 1]
826_034284703341, 2016, [0, 0, 2, 1, 1]
826_034284703340, 2016, [0, 0, 1, 1, 1]
826_034284703338, 2016, [0, 0, 1, 1, 0]
826_034284703339, 2016, [0, 0, 2, 1, 0]
826_034284703483, 2016, [0, 0, 1, 2, 1]
826_034284703474, 2016, [0, 0, 2, 1, 0]
826_034284703684, 2017, [0, 0, 0, 1, 1]
826_034284703742, 2017, [0, 0, 0, 1, 1]
826_034284703744, 2017, [0, 0, 0, 0, 1]
826_034284703703, 2017, [0, 0, 0, 1, 0]
826_034284703743, 2017, [0, 0, 0, 1, 1]
826_034284703705, 2017, [0, 0, 0, 0, 1]
826_034284703750, 2017, [0, 0, 0, 0, 2]
826_034284703686, 2017, [0, 0, 0, 1, 1]
826_034284703685, 2017, [0, 0, 0, 1, 1]
826_034284703710, 2017, [0, 0, 0, 1, 1]
826_034284703706, 2017, [0, 0, 0, 1, 1]
826_034284703707, 2017, [0, 0, 1, 1, 1]
826_034284703696, 2017, [0, 0, 0, 1, 1]
826_034284703848, 2017, [0, 0, 0, 1, 1]
826_034284703708, 2017, [0, 0, 0, 1, 0]
826_034284703731, 2017, [0, 0, 0, 1, 1]
826_034284703693, 2017, [0, 0, 0, 1, 1]
826_034284703754, 2017, [0, 0, 0, 1, 1]
826_034284703755, 2017, [0, 0, 0, 1, 1]
826_034284703756, 2017, [0, 0, 0, 1, 0]
826_034284703734, 2017, [0, 0, 0, 0, 1]
826_034284703722, 2017, [0, 0, 0, 1, 1]
826_034284703714, 2017, [0, 0, 0, 1, 1]
826_034284703780, 2017, [0, 0, 0, 1, 1]
826_034284703712, 2017, [0, 0, 0, 1, 1]
826_034284703784, 2017, [0, 0, 0, 2, 1]
826_034284703783, 2017, [0, 0, 0, 1, 1]
826_034284703781, 2017, [0, 0, 0, 1, 1]
826_034284703740, 2017, [0, 0, 0, 0, 1]
826_034284703739, 2017, [0, 0, 0, 1, 0]
826_034284703778, 2017, [0, 0, 0, 1, 1]
826_034284703797, 2017, [0, 0, 0, 0, 2]
826_034284703820, 2017, [0, 0, 0, 1, 1]
826_034284703856, 2017, [0, 0, 0, 1, 1]
826_034284703852, 2017, [0, 0, 0, 1, 1]
826_034284703867, 2017, [0, 0, 0, 1, 0]
826_034284703681, 2017, [0, 0, 0, 1, 1]
826_034284704663, 2018, [0, 0, 0, 0, 1]
826_034284704683, 2018, [0, 0, 0, 0, 1]
826_034284704682, 2018, [0, 0, 0, 0, 1]
826_034284704685, 2018, [0, 0, 0, 0, 1]
826_034284704755, 2018, [0, 0, 0, 0, 1]
826_034284704684, 2018, [0, 0, 0, 0, 1]
826_034284704697, 2018, [0, 0, 0, 0, 1]
826_034284704708, 2018, [0, 0, 0, 0, 1]
826_034284704716, 2018, [0, 0, 0, 0, 2]
826_034284704713, 2018, [0, 0, 0, 0, 1]
826_034284704712, 2018, [0, 0, 0, 0, 1]
826_034284704736, 2018, [0, 0, 0, 0, 1]
826_034284704719, 2018, [0, 0, 0, 0, 1]
826_034284704671, 2018, [0, 0, 0, 0, 1]
826_034284704723, 2018, [0, 0, 0, 0, 1]
826_034284704722, 2018, [0, 0, 0, 0, 1]
826_034284705236, 2018, [0, 0, 0, 0, 1]
826_034284704707, 2018, [0, 0, 0, 0, 1]
826_034284704711, 2018, [0, 0, 0, 0, 1]
826_034284704706, 2018, [0, 0, 0, 0, 1]
826_034284705249, 2018, [0, 0, 0, 0, 1]
826_034284704868, 2018, [0, 0, 0, 0, 1]
826_034284705195, 2018, [0, 0, 0, 0, 1]
826_034284705234, 2018, [0, 0, 0, 0, 2]
826_034284705241, 2018, [0, 0, 0, 0, 2]
826_034284705232, 2018, [0, 0, 0, 0, 1]
826_034284704599, 2018, [0, 0, 0, 0, 1]
826_034284704749, 2018, [0, 0, 0, 0, 1]
826_034284705193, 2018, [0, 0, 0, 0, 1]
826_034284705162, 2018, [0, 0, 0, 0, 1]
826_034284705164, 2018, [0, 0, 0, 0, 2]
826_034284705229, 2018, [0, 0, 0, 0, 2]
826_034284705206, 2018, [0, 0, 0, 0, 1]
826_034284704514, 2018, [0, 0, 0, 0, 1]
826_034284705077, 2018, [0, 0, 0, 0, 1]
826_034284705079, 2018, [0, 0, 0, 0, 2]
826_034284705172, 2018, [0, 0, 0, 0, 1]
826_034284705184, 2018, [0, 0, 0, 0, 1]
826_034284705139, 2018, [0, 0, 0, 0, 2]
826_034284705132, 2018, [0, 0, 0, 0, 1]
826_034284705076, 2018, [0, 0, 0, 0, 1]
826_034284705112, 2018, [0, 0, 0, 0, 2]
826_034284705197, 2018, [0, 0, 0, 0, 1]
826_034284705068, 2018, [0, 0, 0, 0, 1]
826_034284705157, 2018, [0, 0, 0, 1, 0]
826_034284705070, 2018, [0, 0, 0, 0, 1]
826_034284705133, 2018, [0, 0, 0, 0, 1]
826_034284705134, 2018, [0, 0, 0, 0, 1]
